Ratusz
10
2
2
3
4
4
5
6
7
9
10
12
15
18
21
26
31
37
44
53
64
77
92
110
133
159
191
229
274
330
;
Koszary
16
3
4
5
5
7
8
9
12
14
16
20
24
28
34
42
49
59
71
85
102
123
147
177
212
;
Stajnia
20
4
5
6
6
9
10
12
14
17
21
25
29
36
43
51
62
74
88
107
;
Warsztat
24
5
6
6
9
10
12
14
17
21
25
29
36
43
51
;
Kosciol
10
2
2
;
Palac
512
;
Kuznia
19
4
4
6
6
8
10
11
14
16
20
23
28
34
41
49
58
71
84
101
;
Piedestal
24
;
Rynek
10
2
2
3
4
4
5
6
7
9
10
12
15
18
21
26
31
37
44
53
64
77
92
110
133
;
Tartak
6
1
2
1
2
3
3
3
5
5
6
8
8
11
13
15
19
22
27
32
38
46
55
66
80
95
115
137
165
198
;
Cegielnia
6
1
2
1
2
3
3
3
5
5
6
8
8
11
13
15
19
22
27
32
38
46
55
66
80
95
115
137
165
198
;
Huta
6
1
2
1
2
3
3
3
5
5
6
8
8
11
13
15
19
22
27
32
38
46
55
66
80
95
115
137
165
198
;
Spichlerz
6
1
2
1
2
3
3
3
5
5
6
8
8
11
13
15
19
22
27
32
38
46
55
66
80
95
115
137
165
198
;
Zagroda
5
1
1
2
1
2
3
3
3
5
5
6
8
8
11
13
15
19
22
27
32
38
46
55
66
80
95
115
137
163
;
Schowek
5
1
1
2
1
2
3
3
3
5
;
Mur
8
2
2
2
3
3
4
5
5
7
9
9
12
15
17
20
25
29
36
43
;